              # Time               Num_Z          Analytic_Z      Kinetic_Energy
            0.010000            9.999460            9.999509            0.004812
            0.020000            9.997940            9.998038            0.019247
            0.030000            9.995438            9.995585            0.043306
            0.040000            9.991956            9.992152            0.076989
            0.050000            9.987492            9.987737            0.120295
            0.060000            9.982048            9.982342            0.173225
            0.070000            9.975622            9.975965            0.235778
            0.080000            9.968216            9.968608            0.307956
            0.090000            9.959828            9.960269            0.389756
            0.100000            9.950459            9.950950            0.481181
            0.110000            9.940110            9.940649            0.582229
            0.120000            9.928779            9.929368            0.692900
            0.130000            9.916468            9.917105            0.813195
            0.140000            9.903175            9.903862            0.943114
            0.150000            9.888902            9.889637            1.082656
            0.160000            9.873647            9.874432            1.231822
            0.170000            9.857412            9.858245            1.390612
            0.180000            9.840195            9.841078            1.559025
            0.190000            9.821998            9.822929            1.737062
            0.200000            9.802819            9.803800            1.924722
            0.210000            9.782659            9.783689            2.122006
            0.220000            9.761519            9.762598            2.328914
            0.230000            9.739397            9.740525            2.545445
            0.240000            9.716295            9.717472            2.771600
            0.250000            9.692211            9.693437            3.007379
            0.260000            9.667147            9.668422            3.252781
            0.270000            9.641101            9.642425            3.507806
            0.280000            9.614075            9.615448            3.772456
            0.290000            9.586067            9.587489            4.046729
            0.300000            9.557078            9.558550            4.330625
            0.310000            9.527109            9.528629            4.624145
            0.320000            9.496158            9.497728            4.927289
            0.330000            9.464227            9.465845            5.240057
            0.340000            9.431314            9.432982            5.562448
            0.350000            9.397421            9.399137            5.894462
            0.360000            9.362546            9.364312            6.236100
            0.370000            9.326691            9.328505            6.587362
            0.380000            9.289854            9.291718            6.948248
            0.390000            9.252036            9.253949            7.318757
            0.400000            9.213238            9.215200            7.698889
            0.410000            9.173458            9.175469            8.088646
            0.420000            9.132698            9.134758            8.488026
            0.430000            9.090956            9.093065            8.897029
            0.440000            9.048234            9.050392            9.315656
            0.450000            9.004530            9.006737            9.743907
            0.460000            8.959846            8.962102           10.181781
            0.470000            8.914180            8.916485           10.629279
            0.480000            8.867533            8.869888           11.086401
            0.490000            8.819906            8.822309           11.553146
            0.500000            8.771297            8.773750           12.029515
            0.510000            8.721708            8.724209           12.515507
            0.520000            8.671137            8.673688           13.011123
            0.530000            8.619586            8.622185           13.516363
            0.540000            8.567053            8.569702           14.031226
            0.550000            8.513540            8.516237           14.555713
            0.560000            8.459045            8.461792           15.089823
            0.570000            8.403569            8.406365           15.633557
            0.580000            8.347113            8.349958           16.186915
            0.590000            8.289675            8.292569           16.749896
            0.600000            8.231257            8.234200           17.322501
            0.610000            8.171857            8.174849           17.904730
            0.620000            8.111477            8.114518           18.496582
            0.630000            8.050115            8.053205           19.098057
            0.640000            7.987773            7.990912           19.709157
            0.650000            7.924449            7.927637           20.329880
            0.660000            7.860144            7.863382           20.960226
            0.670000            7.794859            7.798145           21.600197
            0.680000            7.728592            7.731928           22.249790
            0.690000            7.661345            7.664729           22.909008
            0.700000            7.593116            7.596550           23.577849
            0.710000            7.523907            7.527389           24.256313
            0.720000            7.453716            7.457248           24.944402
            0.730000            7.382544            7.386125           25.642113
            0.740000            7.310392            7.314022           26.349449
            0.750000            7.237258            7.240937           27.066408
            0.760000            7.163144            7.166872           27.792991
            0.770000            7.088048            7.091825           28.529197
            0.780000            7.011972            7.015798           29.275027
            0.790000            6.934914            6.938789           30.030480
            0.800000            6.856876            6.860800           30.795558
            0.810000            6.777856            6.781829           31.570258
            0.820000            6.697855            6.701878           32.354583
            0.830000            6.616874            6.620945           33.148531
            0.840000            6.534911            6.539032           33.952102
            0.850000            6.451968            6.456137           34.765297
            0.860000            6.368043            6.372262           35.588116
            0.870000            6.283138            6.287405           36.420559
            0.880000            6.197251            6.201567           37.262625
            0.890000            6.110384            6.114749           38.114314
            0.900000            6.022535            6.026949           38.975628
            0.910000            5.933705            5.938169           39.846564
            0.920000            5.843895            5.848407           40.727125
            0.930000            5.753103            5.757665           41.617309
            0.940000            5.661331            5.665941           42.517117
            0.950000            5.568577            5.573237           43.426548
            0.960000            5.474843            5.479551           44.345603
            0.970000            5.380127            5.384885           45.274281
            0.980000            5.284430            5.289237           46.212584
            0.990000            5.187753            5.192609           47.160509
            1.000000            5.090094            5.094999           48.118059
            1.010000            4.991455            4.996409           49.085232
            1.020000            4.891834            4.896837           50.062028
            1.030000            4.791233            4.796285           51.048448
            1.040000            4.689650            4.694751           52.044492
            1.050000            4.587087            4.592237           53.050160
            1.060000            4.483542            4.488741           54.065451
            1.070000            4.379016            4.384265           55.090365
            1.080000            4.273510            4.278807           56.124904
            1.090000            4.167022            4.172369           57.169066
            1.100000            4.059554            4.064949           58.222851
            1.110000            3.951104            3.956549           59.286260
            1.120000            3.841674            3.847167           60.359293
            1.130000            3.731262            3.736805           61.441949
            1.140000            3.619869            3.625461           62.534229
            1.150000            3.507496            3.513137           63.636133
            1.160000            3.394141            3.399831           64.747660
            1.170000            3.279806            3.285545           65.868811
            1.180000            3.164489            3.170277           66.999585
            1.190000            3.048192            3.054029           68.139983
            1.200000            2.930913            2.936799           69.290005
            1.210000            2.812653            2.818589           70.449650
            1.220000            2.693413            2.699397           71.618919
            1.230000            2.573191            2.579224           72.797811
            1.240000            2.451989            2.458071           73.986327
            1.250000            2.329805            2.335936           75.184467
            1.260000            2.206641            2.212821           76.392230
            1.270000            2.082495            2.088724           77.609617
            1.280000            1.957368            1.963647           78.836627
            1.290000            1.831261            1.837588           80.073261
            1.300000            1.704172            1.710549           81.319519
            1.310000            1.576103            1.582528           82.575401
            1.320000            1.447052            1.453527           83.840905
            1.330000            1.317021            1.323544           85.116034
            1.340000            1.186008            1.192581           86.400786
            1.350000            1.054015            1.060636           87.695162
            1.360000            0.921040            0.927711           88.999161
            1.370000            0.787084            0.793804           90.312784
            1.380000            0.652148            0.658917           91.636031
            1.390000            0.516230            0.523048           92.968901
            1.400000            0.413752            0.386199           15.783790
            1.410000            0.414830            0.248368            8.329991
            1.420000            0.477583            0.109557           24.045008
            1.430000            0.546391           -0.030236           23.369526
            1.440000            0.614217           -0.171009           22.703668
            1.450000            0.681062           -0.312764           22.047433
            1.460000            0.746927           -0.455499           21.400822
            1.470000            0.811810           -0.599216           20.763834
            1.480000            0.875713           -0.743913           20.136470
            1.490000            0.938634           -0.889592           19.518730
            1.500000            1.000575           -1.036252           18.910613
            1.510000            1.061534           -1.183892           18.312120
            1.520000            1.121512           -1.332514           17.723251
            1.530000            1.180510           -1.482116           17.144005
            1.540000            1.238526           -1.632700           16.574382
            1.550000            1.295562           -1.784264           16.014384
            1.560000            1.351616           -1.936810           15.464009
            1.570000            1.406689           -2.090336           14.923257
            1.580000            1.460782           -2.244844           14.392130
            1.590000            1.513893           -2.400332           13.870625
            1.600000            1.566024           -2.556802           13.358745
            1.610000            1.617173           -2.714252           12.856488
            1.620000            1.667342           -2.872684           12.363854
            1.630000            1.716529           -3.032096           11.880845
            1.640000            1.764735           -3.192490           11.407459
            1.650000            1.811961           -3.353864           10.943696
            1.660000            1.858205           -3.516220           10.489557
            1.670000            1.903469           -3.679556           10.045042
            1.680000            1.947751           -3.843874            9.610150
            1.690000            1.991052           -4.009172            9.184882
            1.700000            2.033373           -4.175452            8.769238
            1.710000            2.074712           -4.342712            8.363217
            1.720000            2.115071           -4.510954            7.966820
            1.730000            2.154448           -4.680177            7.580046
            1.740000            2.192844           -4.850380            7.202896
            1.750000            2.230260           -5.021565            6.835369
            1.760000            2.266694           -5.193730            6.477467
            1.770000            2.302148           -5.366877            6.129187
            1.780000            2.336620           -5.541004            5.790532
            1.790000            2.370112           -5.716113            5.461500
            1.800000            2.402622           -5.892202            5.142092
            1.810000            2.434151           -6.069273            4.832307
            1.820000            2.464700           -6.247324            4.532146
            1.830000            2.494267           -6.426357            4.241608
            1.840000            2.522854           -6.606370            3.960694
            1.850000            2.550459           -6.787365            3.689404
            1.860000            2.577083           -6.969340            3.427737
            1.870000            2.602727           -7.152297            3.175694
            1.880000            2.627389           -7.336234            2.933275
            1.890000            2.651071           -7.521153            2.700479
            1.900000            2.673771           -7.707052            2.477307
            1.910000            2.695491           -7.893933            2.263758
            1.920000            2.716229           -8.081794            2.059833
            1.930000            2.735986           -8.270637            1.865532
            1.940000            2.754763           -8.460461            1.680854
            1.950000            2.772558           -8.651265            1.505800
            1.960000            2.789373           -8.843051            1.340369
            1.970000            2.805206           -9.035817            1.184562
            1.980000            2.820058           -9.229565            1.038379
            1.990000            2.833930           -9.424293            0.901819
            2.000000            2.846820           -9.620003            0.774883
            2.010000            2.858730           -9.816693            0.657571
            2.020000            2.869658          -10.014365            0.549882
            2.030000            2.879605          -10.213017            0.451816
            2.040000            2.888572          -10.412651            0.363375
            2.050000            2.896557          -10.613265            0.284557
            2.060000            2.903562          -10.814861            0.215362
            2.070000            2.909585          -11.017437            0.155791
            2.080000            2.914627          -11.220995            0.105844
            2.090000            2.918689          -11.425533            0.065521
            2.100000            2.921769          -11.631053            0.034821
            2.110000            2.923869          -11.837554            0.013744
            2.120000            2.924987          -12.045035            0.002291
            2.130000            2.925125          -12.253498            0.000462
            2.140000            2.924281          -12.462941            0.008257
            2.150000            2.922456          -12.673366            0.025675
            2.160000            2.919651          -12.884771            0.052716
            2.170000            2.915864          -13.097158            0.089382
            2.180000            2.911097          -13.310525            0.135671
            2.190000            2.905348          -13.524874            0.191583
            2.200000            2.898618          -13.740203            0.257119
            2.210000            2.890908          -13.956514            0.332279
            2.220000            2.882216          -14.173805            0.417062
            2.230000            2.872544          -14.392078            0.511469
            2.240000            2.861890          -14.611331            0.615500
            2.250000            2.850255          -14.831566            0.729154
            2.260000            2.837640          -15.052781            0.852432
            2.270000            2.824043          -15.274978            0.985333
            2.280000            2.809466          -15.498156            1.127858
            2.290000            2.793907          -15.722314            1.280007
            2.300000            2.777367          -15.947454            1.441779
            2.310000            2.759847          -16.173574            1.613175
            2.320000            2.741345          -16.400676            1.794194
            2.330000            2.721863          -16.628758            1.984837
            2.340000            2.701399          -16.857822            2.185104
            2.350000            2.679955          -17.087866            2.394994
            2.360000            2.657529          -17.318892            2.614508
            2.370000            2.634122          -17.550898            2.843646
            2.380000            2.609735          -17.783886            3.082407
            2.390000            2.584366          -18.017854            3.330792
            2.400000            2.558017          -18.252804            3.588800
            2.410000            2.530686          -18.488734            3.856432
            2.420000            2.502374          -18.725646            4.133688
            2.430000            2.473082          -18.963538            4.420567
            2.440000            2.442808          -19.202412            4.717070
            2.450000            2.411554          -19.442267            5.023196
            2.460000            2.379318          -19.683102            5.338946
            2.470000            2.346101          -19.924919            5.664320
            2.480000            2.311904          -20.167716            5.999317
            2.490000            2.276725          -20.411495            6.343938
            2.500000            2.240566          -20.656254            6.698182
            2.510000            2.203425          -20.901995            7.062050
            2.520000            2.165303          -21.148716            7.435542
            2.530000            2.126201          -21.396419            7.818657
            2.540000            2.086117          -21.645102            8.211396
            2.550000            2.045053          -21.894767            8.613759
            2.560000            2.003007          -22.145412            9.025745
            2.570000            1.959980          -22.397039            9.447355
            2.580000            1.915973          -22.649646            9.878588
            2.590000            1.870984          -22.903235           10.319445
            2.600000            1.825015          -23.157805           10.769926
            2.610000            1.778064          -23.413355           11.230030
            2.620000            1.730132          -23.669887           11.699758
            2.630000            1.681220          -23.927399           12.179109
            2.640000            1.631326          -24.185893           12.668084
            2.650000            1.580452          -24.445367           13.166683
            2.660000            1.528596          -24.705823           13.674905
            2.670000            1.475759          -24.967259           14.192751
            2.680000            1.421942          -25.229677           14.720220
            2.690000            1.367143          -25.493075           15.257313
            2.700000            1.311364          -25.757455           15.804030
            2.710000            1.254603          -26.022815           16.360370
            2.720000            1.196861          -26.289157           16.926334
            2.730000            1.138139          -26.556480           17.501922
            2.740000            1.078435          -26.824783           18.087133
            2.750000            1.017751          -27.094068           18.681968
            2.760000            0.956085          -27.364333           19.286426
            2.770000            0.893438          -27.635580           19.900508
            2.780000            0.829811          -27.907807           20.524214
            2.790000            0.765202          -28.181016           21.157543
            2.800000            0.699613          -28.455205           21.800496
            2.810000            0.633042          -28.730376           22.453072
            2.820000            0.565490          -29.006527           23.115272
            2.830000            0.496958          -29.283660           23.787096
            2.840000            0.453703          -29.561773            1.811158
            2.850000            0.461207          -29.840868            3.099548
            2.860000            0.493741          -30.120944            5.788985
            2.870000            0.527228          -30.402000            5.459998
            2.880000            0.559734          -30.684038            5.140634
            2.890000            0.591259          -30.967056            4.830894
            2.900000            0.621803          -31.251056            4.530777
            2.910000            0.651365          -31.536036            4.240284
            2.920000            0.679947          -31.821998            3.959415
            2.930000            0.707548          -32.108940            3.688169
            2.940000            0.734168          -32.396864            3.426547
            2.950000            0.759807          -32.685768            3.174549
            2.960000            0.784465          -32.975654            2.932174
            2.970000            0.808142          -33.266520            2.699423
            2.980000            0.830837          -33.558368            2.476295
            2.990000            0.852552          -33.851197            2.262791
            3.000000            0.873286          -34.145006            2.058910
